449
284
994
133
57
348
912
736
477
907
704
991
469
329
195
523
533
161
899
649
632
892
25
109
668
517
634
843
938
621
443
426
181
193
495
28
741
303
7
422
151
69
498
787
157
484
854
143
232
550
257
631
103
982
29
76
124
526
888
177
772
381
175
870
940
292
718
986
570
693
375
762
338
916
881
468
412
637
829
556
823
584
567
503
998
813
841
529
254
425
549
474
691
593
552
155
283
889
300
499
32
581
508
738
46
900
920
84
70
366
816
215
915
619
190
790
440
273
910
800
298
429
735
490
711
281
562
448
316
819
750
90
420
319
630
238
50
587
455
828
694
8
970
200
844
527
467
480
142
288
752
505
673
935
573
241
463
117
424
87
629
214
297
557
494
756
364
285
558
209
883
821
997
318
460
615
138
279
154
496
984
577
954
30
579
875
628
891
487
246
371
880
75
398
603
256
126
563
428
801
872
210
96
333
855
737
421
512
692
372
136
308
377
834
179
927
923
160
120
430
23
878
145
287
559
196
34
261
710
660
973
416
601
955
240
332
583
3
185
627
730
700
317
853
937
36
860
964
898
993
14
444
515
462
852
600
370
263
445
733
47
588
805
368
863
6
89
638
977
893
537
544
975
139
343
837
761
86
646
306
293
531
586
72
732
79
423
639
504
650
413
655
243
599
207
435
255
20
163
990
401
968
810
113
114
690
486
509
656
803
106
294
755
766
706
450
367
453
489
35
221
361
454
885
818
171
743
60
728
773
622
791
82
513
68
38
315
111
995
676
785
502
49
988
497
957
595
55
61
331
269
666
208
92
172
386
553
865
507
296
887
328
314
83
356
491
488
555
359
636
188
671
24
850
410
77
751
323
64
895
121
341
249
417
864
54
744
11
166
511
943
147
746
689
203
989
148
135
165
13
432
74
793
201
80
831
393
675
227
41
465
229
493
617
58
580
33
684
866
302
122
170
353
643
947
812
874
5
530
882
778
688
978
525
541
539
461
291
16
659
546
731
847
146
162
963
953
905
894
27
251
568
1
48
725
719
40
295
858
729
212
178
427
250
374
782
383
419
987
965
342
247
830
705
758
653
806
789
399
951
4
194
52
53
698
18
476
312
31
589
679
21
78
753
156
566
846
849
835
598
520
926
768
305
917
322
709
510
362
775
248
128
967
815
112
324
199
551
17
336
59
339
908
871
304
839
44
222
337
391
942
394
230
715
597
475
958
123
795
385
63
952
244
918
532
43
939
26
459
289
309
466
897
613
781
483
56
149
722
667
66
680
590
934
962
98
714
623
981
22
482
321
42
116
754
727
202
327
901
442
890
231
436
543
97
925
594
633
326
608
51
696
152
838
506
670
237
320
765
268
859
712
624
648
350
158
972
125
769
876
534
392
886
226
757
836
233
479
572
280
67
516
665
19
703
357
129
102
554
547
389
760
721
877
169
349
720
204
561
267
369
654
514
85
626
99
167
848
740
452
610
473
271
272
695
481
388
582
325
606
542
81
115
869
578
921
478
458
95
592
451
867
340
745
726
409
73
192
110
187
576
759
724
264
1000
205
687
971
253
792
913
471
39
699
602
518
780
45
191
277
108
879
896
564
919
776
346
681
387
826
223
390
345
184
827
198
635
282
825
777
406
936
904
211
948
742
352
259
433
618
574
335
658
94
164
213
797
189
909
976
278
682
310
270
224
101
845
88
851
749
378
612
814
949
707
748
180
176
266
739
747
979
438
439
127
522
784
701
307
173
354
702
857
820
960
472
833
239
798
944
652
678
928
347
441
521
713
500
842
941
225
118
607
683
134
929
560
470
411
418
299
168
873
674
932
464
431
407
313
642
980
130
933
856
137
382
447
144
734
966
884
999
672
661
956
414
260
358
596
446
10
105
485
685
664
902
107
2
614
611
403
717
996
774
640
861
538
62
770
868
380
355
274
723
569
400
779
71
186
65
565
764
605
174
220
301
456
457
625
799
903
697
311
677
437
276
651
262
802
153
930
197
415
811
808
961
395
716
575
351
37
365
182
528
686
242
992
645
548
228
206
234
159
644
817
922
379
832
985
402
931
93
290
384
404
265
571
950
591
334
236
807
616
100
519
360
330
662
536
663
535
804
620
657
183
763
501
796
824
840
708
945
767
524
585
959
788
604
983
275
786
969
397
12
647
245
914
216
344
809
235
405
9
91
641
150
258
911
545
131
141
669
408
363
218
771
376
906
783
286
104
140
119
15
217
974
609
132
396
924
434
219
252
946
373
862
822
492
540
794
-1000000
